100
4 2
5 2
6 2
1000 1000
1000 1
610669 507352
376583 339443
999999 475712
946775 720062
758167 704795
623094 575201
1000000 499999
500000 250000
286741 276731
500000 249998
664016 505402
999999 262144
500000 128
1000000 2
1000000 524287
3 2
415124 335481
301137 270189
3 1
504343 446889
500000 500000
396474 330981
500000 131071
4 1
625743 531008
1 1
500000 237857
500000 131072
999999 446117
999999 999998
5 1
500000 1
1000000 127
1000000 262144
489366 482139
999999 127
500000 262143
999999 475711
1000000 500000
433292 420564
999999 499999
500000 262144
999999 2
381167 295249
2 1
1000000 475712
1000000 128
500000 237856
999999 999999
928708 879141
1000000 262143
845314 660254
975801 933107
720988 563541
633299 567253
2 2
561013 481621
500000 150157
981689 910116
999999 524287
587077 562393
500000 127
806208 626293
1000000 1000000
999999 524288
527005 454863
1000000 487594
500000 250353
537265 504895
916605 905416
640408 570411
872389 746792
378879 326679
450623 418169
447362 446317
738394 639244
999999 128
500000 249999
924556 876394
1000000 475713
500000 2
1000000 499998
1000000 294323
999999 1
999999 499997
1000000 524288
500000 499999
783109 655321
1000000 1
999999 262143
999999 499998
999999 496849
642388 491402
371611 363333
1000000 999999
